0.09679388999939
0.089677095413208
0.091490983963013
0.085592985153198
0.090596914291382
0.075345993041992
0.1240599155426
0.093997955322266
0.090833902359009
0.082598209381104
0.12679505348206
0.088627099990845
0.095279932022095
0.091349124908447
0.079783916473389
0.29216814041138
0.11925101280212
0.10145497322083
0.10457801818848
0.086390018463135
0.11104893684387
0.10407400131226
0.098143815994263
0.10791993141174
0.082744121551514
0.084762096405029
0.098824977874756
0.088943958282471
0.11342096328735
0.1073169708252
0.09260892868042
0.093455791473389
0.08430814743042
0.09081506729126
0.1011860370636
0.094086885452271
0.078956127166748
0.09286093711853
0.10013294219971
0.11330080032349
0.091973066329956
0.10120296478271
0.086641788482666
0.084084987640381
0.93485999107361
0.099318027496338
0.10174703598022
0.086261987686157
0.081542015075684
0.10407614707947
0.10876393318176
0.087723016738892
0.092097997665405
0.092887163162231
0.095057010650635
0.090118885040283
0.10258793830872
0.11709904670715
0.080434799194336
0.31175398826599
0.30295896530151
0.07787299156189
0.088416814804077
0.096556901931763
0.089361906051636
0.11256217956543
0.097311973571777
0.077245950698853
0.09198784828186
0.099580049514771
0.087520122528076
0.08633017539978
0.12321090698242
0.094308137893677
0.094696998596191
0.094014883041382
0.091172933578491
0.095840215682983
0.093942880630493
0.087399005889893
0.094149112701416
0.10056114196777
0.084080934524536
0.088003873825073
0.086952924728394
0.12597179412842
0.095664024353027
0.090453863143921
0.087149858474731
0.10388898849487
0.11023998260498
0.092566967010498
0.084958076477051
0.094845056533813
0.08666205406189
0.098053932189941
0.08388090133667
0.095249891281128
0.10603880882263
0.38926982879639
0.096731901168823
0.092696905136108
0.081914901733398
0.089740991592407
0.089721202850342
0.093792915344238
0.098239183425903
0.10180687904358
0.092906951904297
0.136146068573
0.078022003173828
0.088904857635498
0.29269790649414
0.085286140441895
0.092776775360107
0.28745889663696
0.090924024581909
0.099870920181274
0.096090793609619
0.33222389221191
0.10945892333984
0.090260982513428
0.092534065246582
0.11135792732239
0.083122968673706
0.10956001281738
0.094977140426636
0.086028099060059
0.095837116241455
0.093236207962036
0.11693501472473
0.077142953872681
0.084995985031128
0.092190027236938
0.09356689453125
0.10555791854858
0.08686900138855
0.078887224197388
0.090646982192993
0.091433048248291
0.090494155883789
0.095506906509399
0.087970972061157
0.10276198387146
0.089656114578247
0.090053081512451
0.091901063919067
0.086303949356079
0.099382877349854
0.21143984794617
0.083769798278809
0.10306906700134
0.083333015441895
0.094112873077393
0.095385074615479
0.083450794219971
0.09394097328186
0.11130595207214
0.095654010772705
0.097470998764038
0.081634044647217
0.088964939117432
0.083177804946899
0.088535070419312
0.086767911911011
0.1258749961853
0.10050296783447
0.10544800758362
0.09027099609375
0.088908910751343
0.098632097244263
0.11443400382996
0.092195987701416
0.084973096847534
0.087833166122437
0.078994035720825
0.093290090560913
0.094081878662109
0.084342956542969
0.11476397514343
0.091541051864624
0.10161280632019
0.096286058425903
0.088042020797729
0.10924601554871
0.093073129653931
0.077224016189575
0.077178001403809
0.1132960319519
0.074460983276367
0.096926212310791
0.086089134216309
0.083019971847534
0.09197998046875
0.10443210601807
0.084404230117798
0.08759593963623
0.099338054656982
0.084750890731812
0.096318006515503
0.090655088424683
0.080234050750732
0.12892293930054
0.086769104003906
0.086981058120728
0.091493844985962
0.13131499290466
0.081393003463745
0.1046130657196
0.08722996711731
0.083306074142456
0.1040620803833
0.080564022064209
0.0865318775177
0.10318303108215
0.094068765640259
0.11594796180725
0.13453197479248
0.10111403465271
0.10246300697327
0.077818870544434
0.088907957077026
0.09266996383667
0.092288017272949
0.089540958404541
0.091667890548706
0.095307111740112
0.084370136260986
0.10419392585754
0.093163013458252
0.10346794128418
0.094144105911255
0.095645904541016
0.085245847702026
0.085334062576294
0.098221063613892
0.090474128723145
0.092058897018433
0.079981803894043
0.083275079727173
0.078889846801758
0.082412958145142
0.089450120925903
0.096307039260864
0.094254970550537
0.080248117446899
0.10164403915405
0.10479998588562
0.090069055557251
0.091562986373901
0.1494619846344
0.11791014671326
0.096555948257446
0.081054925918579
0.077555894851685
0.08605694770813
0.088726043701172
0.098235845565796
0.093855142593384
0.096329927444458
0.087216138839722
0.080686092376709
0.09831690788269
0.092637062072754
0.08545994758606
0.094457864761353
0.08405613899231
0.085778951644897
0.092002153396606
0.091591119766235
0.076979875564575
0.095360040664673
0.091368913650513
0.14250588417053
0.094887971878052
0.095762014389038
0.09505295753479
0.090271949768066
0.091716766357422
0.097464084625244
0.14469504356384
0.080135822296143
0.081078052520752
0.10145306587219
0.10545516014099
0.086355924606323
0.11200881004333
0.10859107971191
0.38807106018066
0.090780019760132
0.093249082565308
0.12745118141174
0.089042901992798
0.088235139846802
0.077795028686523
0.090909004211426
0.085543870925903
0.084481000900269
0.085345029830933
0.12596297264099
0.094923973083496
0.087798118591309
0.079802989959717
0.14605784416199
0.086580038070679
0.10246205329895
0.092743873596191
0.11309504508972
0.085332870483398
0.089706897735596
0.38528203964233
0.41332793235779
0.10434889793396
0.085172176361084
0.11250805854797
0.086233854293823
0.084677934646606
0.11911606788635
0.10764408111572
0.081996917724609
0.082519054412842
0.083716869354248
0.10655498504639
0.087651014328003
0.10577583312988
0.093570947647095
0.09272313117981
0.10446882247925
0.10100197792053
0.094377994537354
0.090543031692505
0.087615013122559
0.24811792373657
0.10361313819885
0.095286130905151
0.12956404685974
0.082566976547241
0.087963104248047
0.19337797164917
0.11279797554016
0.10485696792603
0.097778081893921
0.31075191497803
0.11316895484924
0.084418058395386
0.090650796890259
0.10787582397461
0.094841957092285
0.12947297096252
0.10518383979797
0.12948298454285
0.089901924133301
0.11157202720642
0.096380949020386
0.083961009979248
0.12488102912903
0.084773063659668
0.097729921340942
0.11689186096191
0.081283092498779
0.095314979553223
0.094748020172119
0.096276044845581
0.09275484085083
0.095678091049194
0.086935997009277
0.11072206497192
0.10248804092407
0.088739156723022
0.093605995178223
0.1011700630188
0.095077991485596
0.086848974227905
0.084939956665039
0.080148935317993
0.096627950668335
0.093436002731323
0.09773588180542
0.092742204666138
0.10272121429443
0.11731600761414
0.079157829284668
0.15010809898376
0.091180801391602
0.080851078033447
0.091345071792603
0.091125011444092
0.098673820495605
0.092719078063965
0.082366943359375
0.085623025894165
0.085084915161133
0.098923921585083
0.10813212394714
0.09793496131897
0.10088109970093
0.095663785934448
0.11375212669373
0.092436075210571
0.093335151672363
0.11668682098389
0.098196029663086
0.11716508865356
0.085325956344604
0.10739612579346
0.10211610794067
0.13248777389526
0.092959880828857
0.12499094009399
0.1133291721344
0.09325098991394
0.10164904594421
0.094022989273071
0.13063502311707
0.092308044433594
0.097268104553223
0.096621990203857
0.086367845535278
0.090688943862915
0.083652019500732
0.10286402702332
0.1203978061676
0.080223798751831
0.083460092544556
0.095221042633057
0.099495887756348
0.10462093353271
0.089179992675781
0.13375186920166
0.097899913787842
0.10821199417114
0.10736298561096
0.085646152496338
0.093168020248413
0.093875885009766
0.090402126312256
0.094864845275879
0.10020804405212
0.082912921905518
0.089114189147949
0.090209007263184
0.29554915428162
0.088279008865356
0.092885971069336
0.092544078826904
0.096082925796509
0.088577032089233
0.10282897949219
0.12556600570679
0.29804086685181
0.089015007019043
0.19787693023682
0.10652995109558
0.12314987182617
0.11625385284424
0.10481691360474
0.099704027175903
0.13513112068176
0.12429785728455
0.10525512695312
0.093379020690918
0.092329978942871
0.09827184677124
0.11184811592102
0.088413953781128
0.12615704536438
0.13695406913757
0.12178802490234
0.11588001251221
0.091454982757568
0.084002017974854
0.10617709159851
0.084611892700195
0.091871976852417
0.089514017105103
0.088816165924072
0.099215030670166
0.090626001358032
0.099132776260376
0.085397958755493
0.085546016693115
0.094570875167847
0.083388805389404
0.086910963058472
0.087703943252563
0.12801384925842
0.10024404525757
0.097767114639282
0.15222501754761
0.10694599151611
0.10416698455811
0.0778968334198
0.10209989547729
0.08322286605835
0.099059104919434
0.087893962860107
0.10961079597473
0.095499038696289
0.093991994857788
0.095686197280884
0.10916996002197
0.090837955474854
0.11067509651184
0.096349000930786
0.10791301727295
0.08748197555542
0.094352006912231
0.085896968841553
0.096655130386353
0.089199066162109
0.088534116744995
0.12079191207886
0.13559007644653
0.09234094619751
0.086939811706543
0.098727941513062
0.082592964172363
0.10604596138
0.11168098449707
0.084932804107666
0.10991501808167
0.09991192817688
0.11011505126953
0.096893072128296
0.097272872924805
0.084982872009277
0.10464906692505
0.093462944030762
0.091994047164917
0.10811591148376
0.088315963745117
0.098360061645508
0.11401700973511
0.10324215888977
0.090274095535278
0.10573506355286
0.090904951095581
0.092487096786499
0.097002029418945
0.085390090942383
0.099246978759766
0.096953153610229
0.10239505767822
0.12663197517395
0.093907833099365
0.096424102783203
0.095115900039673
0.11015391349792
0.092243909835815
0.098085880279541
0.09017014503479
0.11700701713562
0.11971712112427
0.087889909744263
0.12728190422058
0.089260101318359
0.093113899230957
0.080068111419678
0.088200092315674
0.090008974075317
0.094536066055298
0.076395034790039
0.09572696685791
0.090919971466064
0.098232984542847
0.089958906173706
0.092302799224854
0.10547685623169
0.090327024459839
0.081479787826538
0.10457110404968
0.096384048461914
0.084718227386475
0.095798969268799
0.095149993896484
0.091061115264893
0.1034791469574
0.09830904006958
0.10857892036438
0.10941815376282
0.10444498062134
0.088609933853149
0.10741591453552
0.093313932418823
0.094836950302124
0.08952784538269
0.083172082901001
0.096812009811401
0.40517902374268
0.094990015029907
0.089909076690674
0.13627004623413
0.11561298370361
0.12014198303223
0.091960906982422
0.087860107421875
0.38722896575928
0.10073089599609
0.10248303413391
0.093945026397705
0.21960496902466
0.082279920578003
0.080235958099365
0.089249849319458
0.29130911827087
0.08019495010376
0.089066028594971
0.10730504989624
0.093898057937622
0.091790914535522
0.095775127410889
0.081024885177612
0.083529949188232
0.099328994750977
0.11734008789062
0.088025093078613
0.080142021179199
0.10082316398621
0.097721099853516
0.080163955688477
0.092525005340576
0.099181890487671
0.086225986480713
0.10540914535522
0.084147930145264
0.10206198692322
0.13002490997314
0.092755794525146
0.082832098007202
0.083905935287476
0.077769041061401
0.12713384628296
0.129634141922
0.093422174453735
0.11156582832336
0.10008120536804
0.087780952453613
0.09060001373291
0.10218596458435
0.078588008880615
0.088757038116455
0.087429046630859
0.090609073638916
0.13076901435852
0.097448110580444
0.10606503486633
0.085405111312866
0.086108207702637
0.07740306854248
0.087731838226318
0.08823299407959
0.086242914199829
0.15981793403625
0.11048603057861
0.11036705970764
0.095081090927124
0.093466997146606
0.092833995819092
0.094818830490112
0.097785949707031
0.09792685508728
0.11750602722168
0.095077991485596
0.076220989227295
0.079159021377563
0.092207193374634
0.092003107070923
0.10220193862915
0.091261148452759
0.094115972518921
0.13454794883728
0.12079191207886
0.085998773574829
0.12214589118958
0.11014008522034
0.092167139053345
0.08857798576355
0.084778070449829
0.090905904769897
0.099735975265503
0.081117868423462
0.093774080276489
0.089337110519409
0.089731931686401
0.084717035293579
0.087278842926025
0.077101945877075
0.084292888641357
0.10055804252625
0.08057689666748
0.079767942428589
0.10249090194702
0.083149909973145
0.085102081298828
0.087315082550049
0.081543922424316
0.092208862304688
0.086239099502563
0.093889951705933
0.08928108215332
0.083327054977417
0.10442900657654
0.10899305343628
0.096208810806274
0.11074709892273
0.10366988182068
0.10470414161682
0.086875915527344
0.08614182472229
0.084300994873047
0.11254286766052
0.096221923828125
0.085574865341187
0.30382704734802
0.1445791721344
0.084964990615845
0.087035894393921
0.092533826828003
0.11770701408386
0.095515012741089
0.099250078201294
0.29542589187622
0.081455945968628
0.076390027999878
0.081083059310913
0.087435960769653
0.11069083213806
0.12050914764404
0.096086978912354
0.1064281463623
0.10205912590027
0.099671840667725
0.10027694702148
0.092076063156128
0.086251974105835
0.090488910675049
0.098509073257446
0.1255190372467
0.092111825942993
0.09297513961792
0.098067998886108
0.083801984786987
0.10377097129822
0.08660888671875
0.090106964111328
0.085681200027466
0.10625505447388
0.080997943878174
0.084297895431519
0.10561800003052
0.11758399009705
0.092665195465088
0.10528898239136
0.094408988952637
0.084809064865112
0.098189830780029
0.11224699020386
0.13359713554382
0.084553003311157
0.10162210464478
0.11641716957092
0.096825122833252
0.082433938980103
0.084710836410522
0.19389009475708
0.11846399307251
0.093924045562744
0.10152387619019
0.11413598060608
0.11195802688599
0.089249849319458
0.11045408248901
0.088809013366699
0.098101854324341
0.089316844940186
0.10775995254517
0.080080032348633
0.10010004043579
0.095606803894043
0.082166194915771
0.083935022354126
0.10523509979248
0.086174964904785
0.096228122711182
0.084705114364624
0.095631122589111
0.096596956253052
0.10072994232178
0.10133385658264
0.10715198516846
0.081165790557861
0.081472158432007
0.24869418144226
0.086990833282471
0.081722021102905
0.08190393447876
0.12077903747559
0.089815855026245
0.13768887519836
0.0957190990448
0.088978052139282
0.12343406677246
0.085891008377075
0.085840940475464
0.09252405166626
0.080797910690308
0.091345071792603
0.081957101821899
0.092032909393311
0.096874952316284
0.096887111663818
0.091602087020874
0.087064027786255
0.096292018890381
0.0937180519104
0.087842226028442
0.13908791542053
0.084918975830078
0.084898948669434
0.080328941345215
0.083531856536865
0.10261297225952
0.094270944595337
0.087098836898804
0.29474997520447
0.088330030441284
0.083050012588501
0.098496913909912
0.30419492721558
0.082801103591919
0.08630108833313
0.078694820404053
0.094007015228271
0.094699859619141
0.089104890823364
0.18244791030884
0.16651797294617
0.091933012008667
0.084404945373535
0.095334053039551
0.083683013916016
0.13458514213562
0.087134838104248
0.098326206207275
0.081379175186157
0.084151029586792
0.087038993835449
0.089818954467773
0.11307001113892
0.082586050033569
0.11971282958984
0.11577105522156
0.098119974136353
0.10190010070801
0.10443592071533
0.075773000717163
0.084120988845825
0.084957122802734
0.10610699653625
0.07884407043457
0.096236944198608
0.089114189147949
0.088896036148071
0.085284948348999
0.077998161315918
0.08735179901123
0.093147993087769
0.093991041183472
0.18619894981384
0.098658084869385
0.13093900680542
0.082468032836914
0.095417976379395
0.08886981010437
0.082195997238159
0.085831165313721
0.12463402748108
0.093570232391357
0.091140031814575
0.086307048797607
0.087604999542236
0.08130407333374
0.090435981750488
0.12528610229492
0.087547063827515
0.097110033035278
0.1027250289917
0.078902006149292
0.12745499610901
0.082453966140747
0.08864688873291
0.083837985992432
0.09185791015625
0.079194068908691
0.097569942474365
0.083100080490112
0.10182309150696
0.077090978622437
0.38528299331665
0.095664024353027
0.096725940704346
0.0814049243927
0.077866077423096
0.080650806427002
0.08561897277832
0.099453926086426
0.083246946334839
0.093945026397705
0.089525938034058
0.095135927200317
0.089262962341309
0.10069799423218
0.12957310676575
0.095880031585693
0.09834885597229
0.085715055465698
0.090013980865479
0.094181060791016
0.091999053955078
0.10407090187073
0.10455203056335
0.089518070220947
0.088488101959229
0.097429037094116
0.086091995239258
0.092522859573364
0.2956919670105
0.079349040985107
0.29263186454773
0.083187103271484
0.10176205635071
0.093952894210815
0.10130000114441
0.078646898269653
0.10063600540161
0.077682971954346
0.087086915969849
0.13422799110413
0.30573797225952
0.39228701591492
0.084577798843384
0.08735990524292
0.095909118652344
0.088108062744141
0.093890905380249
0.084721088409424
0.093457937240601
0.083258867263794
0.090628147125244
0.1066689491272
0.095335006713867
0.096553802490234
0.084831953048706
0.091579914093018
0.092868089675903
0.087830066680908
0.089014053344727
0.087071180343628
0.097642183303833
0.095736026763916
0.084954023361206
0.090739011764526
0.11730599403381
0.095324993133545
0.086425065994263
0.085386037826538
0.089372873306274
0.081472158432007
0.094928979873657
0.093451976776123
0.11753797531128
0.090667009353638
0.08312201499939
0.093791961669922
0.10066509246826
0.088257074356079
0.10057091712952
0.10374903678894
0.10727787017822
0.092803001403809
0.087730884552002
0.096736192703247
0.0973219871521
0.091147899627686
0.1093909740448
0.090605020523071
0.096449851989746
0.17817306518555
0.089468002319336
0.15764498710632
0.089639902114868
0.09248685836792
0.093940019607544
0.18604707717896
0.08805513381958
0.096191167831421
0.12770390510559
0.096518993377686
0.091604948043823
0.10138392448425
0.10280394554138
0.095600843429565
0.12110900878906
0.10382604598999
0.095917940139771
0.097920894622803
0.096731185913086
0.087989091873169
0.12406182289124
0.087916135787964
0.1015567779541
0.096548080444336
0.1005220413208
0.10000991821289
0.099385023117065
0.12403512001038
0.098462104797363
0.13784599304199
0.099851131439209
0.11799287796021
0.094862937927246
0.10874009132385
0.098934888839722
0.1161949634552
0.11514806747437
0.1030650138855
0.32139492034912
0.10521483421326
0.11213302612305
0.099142074584961
0.34543085098267
0.099708795547485
0.1079421043396
0.30206990242004
0.085139989852905
0.09582781791687
0.095897912979126
0.09760594367981
0.11813497543335
0.096382141113281
0.10597491264343
0.09786319732666
0.093630075454712
0.13474202156067
0.085481882095337
0.091103076934814
0.10947322845459
0.1201798915863
0.14133286476135
0.094255208969116
0.099962949752808
0.095816850662231
0.096506834030151
0.11320185661316
0.10759496688843
0.11137509346008
0.092229127883911
0.091716051101685
0.088948011398315
0.1016538143158
0.11024212837219
0.1000189781189
0.092243909835815
0.099957942962646
0.083818912506104
0.13069677352905
0.077007055282593
0.089980840682983
0.11797499656677
0.095916986465454
0.083757877349854
0.094216823577881
0.17442893981934
0.08282208442688
0.094035863876343
0.084298849105835
0.082953929901123
0.12452793121338
0.094752073287964
0.11048102378845
0.09027886390686
0.083830833435059
0.092077016830444
0.090746164321899
0.094949960708618
0.13336896896362
0.10008907318115
0.094511032104492
0.095630884170532
0.100830078125
0.11746382713318
0.086833953857422
0.10081911087036
0.10087895393372
0.10744619369507
0.091836929321289
0.090851068496704
0.09559178352356
0.086830139160156
0.090904951095581
0.10128307342529
0.093682050704956
0.091982841491699
0.090028047561646
0.098433017730713
0.098822116851807
0.090044975280762
0.097527980804443
0.097661018371582
0.11553907394409
0.10631489753723
0.10189700126648
0.098999977111816
0.09680700302124
0.083066940307617
0.088933944702148
0.15497398376465
0.08900785446167
0.10076308250427
0.1037609577179
0.09293794631958
0.10556483268738
0.10320711135864
0.11080408096313
0.11248302459717
0.077545881271362
0.10107493400574
0.11752104759216
0.093159914016724
0.092245101928711
0.10342001914978
0.29885411262512
0.10785603523254
0.089986085891724
0.10020995140076
0.082010984420776
0.10625505447388
0.13398599624634
0.084035873413086
0.29620289802551
0.085839986801147
0.10311889648438
0.08436107635498
0.10989689826965
0.099905967712402
0.13323283195496
0.09207010269165
0.088226795196533
0.10283398628235
0.10885000228882
0.091107845306396
0.081830978393555
0.093239068984985
0.10865378379822
0.16254687309265
0.089653015136719
0.08802604675293
0.08756685256958
0.088809013366699
0.10072803497314
0.10884213447571
0.090408086776733
0.080579042434692
0.086368083953857
0.12966990470886
0.11025381088257
0.099631786346436
0.088687896728516
0.091049909591675
0.093738079071045
0.10883688926697
0.11907315254211
0.084614992141724
0.084383010864258
0.10962986946106
0.096060991287231
0.090372085571289
0.091197967529297
0.099508047103882
0.1090099811554
0.089112997055054
0.1059730052948
0.16317820549011
0.087095975875854
0.11423587799072
0.097516775131226
0.091268062591553
0.092211008071899
0.093614101409912
0.10151100158691
0.094395875930786
0.096803903579712
0.10739302635193
0.096850872039795
0.09085488319397
0.081025123596191
0.095435857772827
0.083571910858154
0.096075057983398
0.086434841156006
0.085255861282349
0.086329936981201
0.089246988296509
0.094733953475952
0.1004490852356
0.09499979019165
0.082746982574463
0.088284969329834
0.083318948745728
0.085004091262817
0.095828056335449
0.09807300567627
0.089745998382568
0.097040891647339
0.093219995498657
0.092530012130737
0.089349985122681
0.087727069854736
0.10253214836121
0.095747947692871
0.12265586853027
0.088613986968994
0.11921191215515
0.090338945388794
0.095688104629517
0.091890096664429
0.091843128204346
0.093226909637451
0.091671943664551
0.10148978233337
0.085850954055786
0.095457077026367
0.092233180999756
0.095452070236206
0.092350006103516
0.089910984039307
0.39787292480469
0.092581987380981
0.086971998214722
0.29177021980286
0.082136869430542
0.10424995422363
0.096441984176636
0.086140155792236
0.10616183280945
0.091257095336914
0.084487915039062
0.10276699066162
0.087707042694092
0.090001106262207
0.092206954956055
0.079279899597168
0.090955018997192
0.10705018043518
0.087060928344727
0.11899185180664
0.091694116592407
0.092958927154541
0.080996990203857
0.093295097351074
0.088692903518677
0.087579965591431
0.11314415931702
0.084357976913452
0.096685171127319
0.094799995422363
0.40541386604309
0.094682931900024
0.098106861114502
0.10628795623779
0.10387301445007
0.086567163467407
0.12680101394653
0.093489170074463
0.095270156860352
0.098074913024902
0.088181018829346
0.082324028015137
0.084048986434937
0.093132972717285
0.084918975830078
0.089570999145508
0.10352420806885
0.091916084289551
0.10032200813293
0.093472003936768
0.10283923149109
0.10716104507446
0.10695481300354
0.093042850494385
0.13104915618896
0.086136817932129
0.092607021331787
0.10173106193542
0.10764288902283
0.078329086303711
0.10095405578613
0.090101957321167
0.10134983062744
0.091399908065796
0.095380067825317
0.08986496925354
0.095674991607666
0.091372966766357
0.090227842330933
0.087797880172729
0.090328931808472
0.096742153167725
0.083000898361206
0.08602499961853
0.10716485977173
0.083215951919556
0.098828077316284
0.088769912719727
0.091125965118408
0.095040082931519
0.10852003097534
0.087590932846069
0.1341769695282
0.10606694221497
0.096853017807007
0.10450482368469
0.086302995681763
0.0990149974823
0.091233015060425
0.25377321243286
0.24632096290588
0.079282999038696
0.080317974090576
0.093169927597046
0.081748962402344
0.11714816093445
0.23773193359375
0.092349052429199
0.083727121353149
0.11003994941711
0.088140964508057
0.086260080337524
0.085186958312988
0.088741779327393
0.13510084152222
0.29279518127441
0.091423988342285
0.081957101821899
0.096912860870361
0.081418037414551
0.095783948898315
0.09683084487915
0.10492300987244
0.09791898727417
0.090498924255371
0.10096096992493
0.089447021484375
0.098481178283691
0.088492870330811
0.089477062225342
0.094018220901489
0.11585307121277
0.1050500869751
0.07963490486145
0.09994101524353
0.12171792984009
0.088169097900391
0.11064004898071
0.10400319099426
0.10170197486877
0.15228509902954
0.076348066329956
0.093204975128174
0.094787836074829
0.080263137817383
0.075845956802368
0.095985889434814
0.089598894119263
0.093812942504883
0.11881017684937
0.10014605522156
0.11419105529785
0.1187961101532
0.085232019424438
0.10587906837463
0.084810018539429
0.091528177261353
0.088222980499268
0.099352121353149
0.090764045715332
0.10027098655701
0.08107590675354
0.12161207199097
0.095128059387207
0.13997197151184
0.097356081008911
0.10658502578735
0.078963994979858
0.11135315895081
0.084984064102173
0.083153963088989
0.11948108673096
0.098302125930786
0.090571165084839
0.083213806152344
0.094686031341553
0.082453966140747
0.1008939743042
0.090744018554688
0.098453998565674
0.10026097297668
0.14959192276001
0.077892065048218
0.10957384109497
0.094512939453125
0.085441112518311
0.091673135757446
0.11021018028259
0.10858798027039
0.083876848220825
0.080168008804321
0.12059998512268
0.088495016098022
0.14365100860596
0.1054310798645
0.091829061508179
0.089762926101685
0.10121393203735
0.088478088378906
0.10978817939758
0.086498975753784
0.084968090057373
0.094466209411621
0.099358797073364
0.098287105560303
0.089425802230835
0.10208010673523
0.10121297836304
0.11624693870544
0.087112903594971
0.1013240814209
0.097754955291748
0.18622493743896
0.31245899200439
0.090260982513428
0.088890075683594
0.087313175201416
0.29674887657166
0.096115827560425
0.096674919128418
0.10153818130493
0.10738182067871
0.082268953323364
0.084072113037109
0.082218885421753
0.30021405220032
0.087785959243774
0.095731019973755
0.077302932739258
0.092249155044556
0.087065935134888
0.087743043899536
0.083292007446289
0.088005065917969
0.11601591110229
0.080956935882568
0.089775085449219
0.090072870254517
0.077106952667236
0.092960119247437
0.09813404083252
0.096047878265381
0.10488104820251
0.089117050170898
0.094359874725342
0.099908113479614
0.10722613334656
0.086672067642212
0.082624912261963
0.079135894775391
0.082645893096924
0.09400200843811
0.10873484611511
0.086616992950439
0.12185001373291
0.11543798446655
0.099267959594727
0.083970069885254
0.1046838760376
0.090588092803955
0.093233823776245
0.12375807762146
0.094280958175659
0.29126906394958
0.095449924468994
0.10368895530701
0.1054310798645
0.087307214736938
0.10563993453979
0.095757961273193
0.10913491249084
0.089017152786255
0.10152411460876
0.090265989303589
0.081845998764038
0.093209981918335
0.091136932373047
0.088018894195557
0.082185029983521
0.094521999359131
0.10594391822815
0.10754203796387
0.08094596862793
0.08688497543335
0.087182998657227
0.092168092727661
0.086258888244629
0.098658084869385
0.092871904373169
0.076322078704834
0.090044975280762
0.088356018066406
0.090946912765503
0.088009119033813
0.083483934402466
0.089143991470337
0.081300020217896
0.085551977157593
0.085888147354126
0.083192110061646
0.087457895278931
0.083347082138062
0.082906007766724
0.093922138214111
0.081295967102051
0.085022926330566
0.10489392280579
0.081461906433105
0.093941926956177
0.10630702972412
0.1075439453125
0.089012861251831
0.094605922698975
0.093384981155396
0.12040495872498
0.089170932769775
0.10258007049561
0.086173057556152
0.095585107803345
0.13913416862488
0.10074400901794
0.098850965499878
0.32373094558716
0.29814791679382
0.28760695457458
0.081737995147705
0.079893112182617
0.088766098022461
0.082237958908081
0.30021715164185
0.10254693031311
0.077047109603882
0.12075805664062
0.093502044677734
0.08620285987854
0.091249942779541
0.076207160949707
0.080312967300415
0.096158027648926
0.11196494102478
0.093227863311768
0.10740613937378
0.080688953399658
0.086806058883667
0.10080313682556
0.11086416244507
0.084394931793213
0.094166040420532
0.093630075454712
0.125648021698
0.30875682830811
0.0935959815979
0.090169191360474
0.090790033340454
0.091317892074585
0.08097505569458
0.087623834609985
0.08234715461731
0.083115816116333
0.087690830230713
0.094214200973511
0.10421013832092
0.11887717247009
0.13092303276062
0.094726085662842
0.094024896621704
0.079487800598145
0.080024003982544
0.082998037338257
0.10898900032043
0.086791038513184
0.084906816482544
0.097816944122314
0.079384803771973
0.076773881912231
0.088129043579102
0.083896160125732
0.13095712661743
0.090295791625977
0.094171047210693
0.083230972290039
0.083730936050415
0.08863091468811
0.094804048538208
0.093331098556519
0.089637041091919
0.082389116287231
0.083247184753418
0.092219114303589
0.13782000541687
0.082792043685913
0.10655808448792
0.089251041412354
0.14033317565918
0.081151962280273
0.087717056274414
0.082237958908081
0.11169409751892
0.095350980758667
0.097882032394409
0.10011887550354
0.11501598358154
0.074978113174438
0.084897994995117
0.087628841400146
0.087921142578125
0.12407994270325
0.080474853515625
0.093116998672485
0.085670948028564
0.10834908485413
0.084656000137329
0.0906081199646
0.103031873703
0.084532976150513
0.092187881469727
0.086692810058594
0.11322498321533
0.14230108261108
0.093877077102661
0.086450099945068
0.087577104568481
0.082926988601685
0.091048955917358
0.11669993400574
0.088685989379883
0.1054310798645
0.29989385604858
0.11212086677551
0.30113911628723
0.10439395904541
0.10092782974243
0.29042887687683
0.09141993522644
0.082889080047607
0.086410999298096
0.1070568561554
0.098301887512207
0.090134143829346
0.084618091583252
0.097118854522705
0.11930680274963
0.083476066589355
0.086769104003906
0.085365056991577
0.10453987121582
0.092293977737427
0.10278701782227
0.088104963302612
0.10063600540161
0.083775043487549
0.086368083953857
0.097688913345337
0.092494964599609
0.10053706169128
0.085801124572754
0.081744909286499
0.10378503799438
0.11089777946472
